Code_Direction,0,1,2,3,4,5,6,7,8,9,10,11,12,13,14,15,16,17,18,19,20,21,22,23
a1_EB,0.006292273,0.003608994,0.002789183,0.002701561,0.00512465,0.013485734,0.03749077,0.085318016,0.080462697,0.058390693,0.054195993,0.05577876,0.057720486,0.05828189,0.062286631,0.071504313,0.076828955,0.083438494,0.060860156,0.039942843,0.02987436,0.023357124,0.016883142,0.013382283
a1_WB,0.005730408,0.003696474,0.003117519,0.003557797,0.006643593,0.017743213,0.03995469,0.069116118,0.060164183,0.051926708,0.051448588,0.055764125,0.058784435,0.061920762,0.067806615,0.075110964,0.087062815,0.088664175,0.056424202,0.041440259,0.034758371,0.028718205,0.018687216,0.011758564
a2_EB,0.009459256,0.008205032,0.00784528,0.008590581,0.012204922,0.022034305,0.044510238,0.0711114,0.061762621,0.05717838,0.060848801,0.06314639,0.063718403,0.062457449,0.064506885,0.065927105,0.06812347,0.069831099,0.054670212,0.038352679,0.029284299,0.02361267,0.018913746,0.013704776
a2_WB,0.01020444,0.007208157,0.005992022,0.005472064,0.006994409,0.010704817,0.021264416,0.041363007,0.047875258,0.049658669,0.05519328,0.058220293,0.061276675,0.065816242,0.071923296,0.079452348,0.08539977,0.089558887,0.063863682,0.049241506,0.040079701,0.032769294,0.023520738,0.016947028
a3_EB,0.006703361,0.004881497,0.004722619,0.005594293,0.010248558,0.026552956,0.048411312,0.061361412,0.053102217,0.05253352,0.056260996,0.05836028,0.061269965,0.064782833,0.072657765,0.078172619,0.079790035,0.079242891,0.055269548,0.037770485,0.028406841,0.022331911,0.017992631,0.013579455
a3_WB,0.007151052,0.005647008,0.004572187,0.004832723,0.007538176,0.018340854,0.04070456,0.068075269,0.056879579,0.053683376,0.056088845,0.058912938,0.059426944,0.061736147,0.070287911,0.081224831,0.079194711,0.076868728,0.054105533,0.04172963,0.033655662,0.025692386,0.019622338,0.014028614
a4_NB,0.011503016,0.009418577,0.008649476,0.009285732,0.012912452,0.020826038,0.033621377,0.043132596,0.049995659,0.052465232,0.056550208,0.06038377,0.062476366,0.065886922,0.068400194,0.074206908,0.078144473,0.077549294,0.059041047,0.04423177,0.034677726,0.028598622,0.021841019,0.016201526
a4_SB,0.013141194,0.010356215,0.008847998,0.009496571,0.012174339,0.020060787,0.038822474,0.05814758,0.05617506,0.059345051,0.061990153,0.063016478,0.061229344,0.063354305,0.066227789,0.066586835,0.066936947,0.063946758,0.053668439,0.042426615,0.03326145,0.027700983,0.023774651,0.019311983
a5_EB,0.007024159,0.005139919,0.004518446,0.005665547,0.01107411,0.027498717,0.063054428,0.101606968,0.074550394,0.050597687,0.04716058,0.048673336,0.052273215,0.053464624,0.057121636,0.063660277,0.070282403,0.078604076,0.055461965,0.037115806,0.029205494,0.024274054,0.018486078,0.013486078
a5_WB,0.008552564,0.005293885,0.004664419,0.004542682,0.006635933,0.015515992,0.039413122,0.072347733,0.063639552,0.050168253,0.047936098,0.052004478,0.053478428,0.05560217,0.061598925,0.074258265,0.086694909,0.103137145,0.060530165,0.040201818,0.031071057,0.025981347,0.019962232,0.016768826
a6_EB,0.007373841,0.00533634,0.005067599,0.006443969,0.011555457,0.026703343,0.061870921,0.101944173,0.084209079,0.055615131,0.050435707,0.05079483,0.0517738,0.053820519,0.057755839,0.061816813,0.064438689,0.072641799,0.052782831,0.03677842,0.028035825,0.022885259,0.017562947,0.012356869
a6_WB,0.009072015,0.005896494,0.005255283,0.005548612,0.00706248,0.01370909,0.031190942,0.057485883,0.058182055,0.048210309,0.048702108,0.05179478,0.054271483,0.057436215,0.06456017,0.077745299,0.089571468,0.10830358,0.064420529,0.042604904,0.032808422,0.027565963,0.021142251,0.017459665
a7_EB,0.008088543,0.005093171,0.003864824,0.004698452,0.007950944,0.018409805,0.038776461,0.056383772,0.056317818,0.056622812,0.058231816,0.057270632,0.057575292,0.061622242,0.065990256,0.072419576,0.080772603,0.076853209,0.066003982,0.049329063,0.035505556,0.027502719,0.020470441,0.014246013
a7_WB,0.006331917,0.004445401,0.004199395,0.005279774,0.010359426,0.028189033,0.062259619,0.056688661,0.056685838,0.055684167,0.053982596,0.055887466,0.057679391,0.060773348,0.065625347,0.070677116,0.07466933,0.077342924,0.061063473,0.043526814,0.032986678,0.025370024,0.01867598,0.01161628
a8_NB,0.008320413,0.005246459,0.004847308,0.004846642,0.00807685,0.020958151,0.051125522,0.068561456,0.059469626,0.051007999,0.049339391,0.052140768,0.055256647,0.060154797,0.065276812,0.071698231,0.07465413,0.068166963,0.055964844,0.049514677,0.040208032,0.033207386,0.024309475,0.017647421
a8_SB,0.009977519,0.006802984,0.005803763,0.004960464,0.007347953,0.019352295,0.052186564,0.077412221,0.07535178,0.059100366,0.051036825,0.049989797,0.052113586,0.054844679,0.057475258,0.061010966,0.067166779,0.068880912,0.061574854,0.045368038,0.036528432,0.031012695,0.026152914,0.018548357
a9_NB,0.013444693,0.010901475,0.009829228,0.009957646,0.012548161,0.016998793,0.027271348,0.042902741,0.049680167,0.056887449,0.062877303,0.064952948,0.065302281,0.067542265,0.069624196,0.070540485,0.069430521,0.066510729,0.056976354,0.046054225,0.036868585,0.030538377,0.024010305,0.018349728
a9_SB,0.01539826,0.012430183,0.011122977,0.011191046,0.013514934,0.018301745,0.028485666,0.040444004,0.048733882,0.055106255,0.060028334,0.062502553,0.064030184,0.067945428,0.070798803,0.070431812,0.068778761,0.065034702,0.052785263,0.042264765,0.036192183,0.032138195,0.028677417,0.023662649
a11_NB,0.013736945,0.011213381,0.009871337,0.010705151,0.012161206,0.016568509,0.026724591,0.042714536,0.050682848,0.055165592,0.066656343,0.070223025,0.066519643,0.066314309,0.067619484,0.069646162,0.067482783,0.064384625,0.053199038,0.045673157,0.038887499,0.030113166,0.024176637,0.01956003
a11_SB,0.017252372,0.013486381,0.012206468,0.012259909,0.014762553,0.020350883,0.029079943,0.036446791,0.043249835,0.047834008,0.054469782,0.05871781,0.061403223,0.066080383,0.07059241,0.071491288,0.070962222,0.066651133,0.05769869,0.046879551,0.039549043,0.034674686,0.029946757,0.023953878
a12_EB,0.006725658,0.004890943,0.003697181,0.004238019,0.007565209,0.022081336,0.049556366,0.057921951,0.053162681,0.055217758,0.058799045,0.060467265,0.060662054,0.063766162,0.071134406,0.076467704,0.079509785,0.073398419,0.054450573,0.043912384,0.034844362,0.026460822,0.01893642,0.012133499
a12_WB,0.003872854,0.003090981,0.0038978,0.005656252,0.012722917,0.026938389,0.052533905,0.066042345,0.062891126,0.060516303,0.059771547,0.060255882,0.064602118,0.069779512,0.075396823,0.079272719,0.081378602,0.071921294,0.045173354,0.031949065,0.024766184,0.018723559,0.01183639,0.007010078
a13_NB,0.005677946,0.00410947,0.003855837,0.004945835,0.010285344,0.032534987,0.066643897,0.078216076,0.054097644,0.052308212,0.055105172,0.058880874,0.061402417,0.066504632,0.069883547,0.070197865,0.071994299,0.068101117,0.053206818,0.036313801,0.026469591,0.021480965,0.016919469,0.010864187
a13_SB,0.00687161,0.004630803,0.004800232,0.005908266,0.010199461,0.018934788,0.036925723,0.052870018,0.053447275,0.056680666,0.061798014,0.062080645,0.061453159,0.062438994,0.065572677,0.078057927,0.079199697,0.081250834,0.059490484,0.045115279,0.033927733,0.025820642,0.017893476,0.014631597
b1_EB,0.012566732,0.009589798,0.008697561,0.008964361,0.012890122,0.022290913,0.047587546,0.063185134,0.057387134,0.053525265,0.053033509,0.054419047,0.056128397,0.058402521,0.063873198,0.068734587,0.066777253,0.068472982,0.055494675,0.04426981,0.038419714,0.032180652,0.024194606,0.018914481
b1_WB,0.013686779,0.00865703,0.007220297,0.006830854,0.008473034,0.014425273,0.034151066,0.055917675,0.049251457,0.052416727,0.055387693,0.057410958,0.058141373,0.060987678,0.067701672,0.078469299,0.078546603,0.07600798,0.060803821,0.046174913,0.035217856,0.028802074,0.025219643,0.020098244
b2_EB,0.008400883,0.00605201,0.00576052,0.006158589,0.008884442,0.019123524,0.044616159,0.069137534,0.062166612,0.056917519,0.057626663,0.058356896,0.059518716,0.062739425,0.065858451,0.069216621,0.07134857,0.073562996,0.059163203,0.042628071,0.03313052,0.026300824,0.019912508,0.013418742
b2_WB,0.008014586,0.005327601,0.004358003,0.004714422,0.007497259,0.016227452,0.030502558,0.052205369,0.052339632,0.053505434,0.056249516,0.060491249,0.061843912,0.065157226,0.0708627,0.077608019,0.083737736,0.086411226,0.062326635,0.044949645,0.035030119,0.028208672,0.01910026,0.013330768
b3_NB,0.011932177,0.008397494,0.007776947,0.007278518,0.009075366,0.017702564,0.042000876,0.063227044,0.058802447,0.050969298,0.051441473,0.055243516,0.056213075,0.058328667,0.06402029,0.074851477,0.074255418,0.066261372,0.058546167,0.046017288,0.037376281,0.032833259,0.026802177,0.020646809
b3_SB,0.010358178,0.007055587,0.006235148,0.006690393,0.009840117,0.024650857,0.071191998,0.092122007,0.070956338,0.051278602,0.048453729,0.05028649,0.052814291,0.055685437,0.058347533,0.062995334,0.064929694,0.065013813,0.051450587,0.039355316,0.03258057,0.028364447,0.022273348,0.017070186
b4_EB,0.009276661,0.005477674,0.004705604,0.003557039,0.004753205,0.011195828,0.037304017,0.066472692,0.065262219,0.053205541,0.051231986,0.059055766,0.062574285,0.061648682,0.064738885,0.073062336,0.072651997,0.060764994,0.06061357,0.055066284,0.040536838,0.033888863,0.025117101,0.017837933
b4_WB,0.006434484,0.00346465,0.003053479,0.003404806,0.006866567,0.01997423,0.063681288,0.088524968,0.081474194,0.059594568,0.050632279,0.050912457,0.05561572,0.059673963,0.059499787,0.061860642,0.063442423,0.068600551,0.055184828,0.041658343,0.033653469,0.029818876,0.020485027,0.012488399
b5_EB,0.007577781,0.005416783,0.003380047,0.003303856,0.004222678,0.012770074,0.056779618,0.099975556,0.071400486,0.055119299,0.053274401,0.054668506,0.054197303,0.05309753,0.055481658,0.067128375,0.072922029,0.076700715,0.061090277,0.042057162,0.032237656,0.025673028,0.018447627,0.013077557
b5_WB,0.005400462,0.003418571,0.003005103,0.003055841,0.005718686,0.014303612,0.039053873,0.059794957,0.050310992,0.047159016,0.048690497,0.05059005,0.055402131,0.061042039,0.069189463,0.080000623,0.091917778,0.106115019,0.067436784,0.045178016,0.034977936,0.028345525,0.01857271,0.011320318
b6_NB,0.016438171,0.013702445,0.012405705,0.012707664,0.017634575,0.025493437,0.028281236,0.036368076,0.043774477,0.051492997,0.059520143,0.062930593,0.062585134,0.064740122,0.068384899,0.068551913,0.068222965,0.063023625,0.053426675,0.046936628,0.039958875,0.033701886,0.027966577,0.021751182
b6_SB,0.017246339,0.013952098,0.013277898,0.013202954,0.014710611,0.019928029,0.026170195,0.03761769,0.045985806,0.053538597,0.059207496,0.061526853,0.064987604,0.067866628,0.069434724,0.069619366,0.068448657,0.061119492,0.050756579,0.041817916,0.037964612,0.035111275,0.030854841,0.025653741
b7_NB,0.01830279,0.015920584,0.014788513,0.014644074,0.017765223,0.022692076,0.030264475,0.038179342,0.044387311,0.051373578,0.059315239,0.062308277,0.062137881,0.063471748,0.063851478,0.064852506,0.066359283,0.063537897,0.05482338,0.04706635,0.039672302,0.033912724,0.027478676,0.022894292
b7_SB,0.017884524,0.015169613,0.014417264,0.015523802,0.017038585,0.020363443,0.027180168,0.035479807,0.040015684,0.04603851,0.05338087,0.056820295,0.060739771,0.066009844,0.069801037,0.069726407,0.06801799,0.063571265,0.051702305,0.046092566,0.04215292,0.039639712,0.035823911,0.027409705
s1_EB,0.008241471,0.004549843,0.003512283,0.003615792,0.00497091,0.012139745,0.036678156,0.069503961,0.076148369,0.056585205,0.046848982,0.050306968,0.052983623,0.053746255,0.058136646,0.07152957,0.08905284,0.086054588,0.070647348,0.046373169,0.033988114,0.028466152,0.021428424,0.014491587
s1_WB,0.010041089,0.006341562,0.005600564,0.006570904,0.01070586,0.025639455,0.052237498,0.072855085,0.072585187,0.063324575,0.053401841,0.05358649,0.055019489,0.055098447,0.054107912,0.055986271,0.062361353,0.06996012,0.056722882,0.042392232,0.035605476,0.033397959,0.027563501,0.018894247
s2_EB,0.008390463,0.004935985,0.003916972,0.004298329,0.007217114,0.015446642,0.03712551,0.07221918,0.08041582,0.060600846,0.051095593,0.05313166,0.055170923,0.056061064,0.059124804,0.067101434,0.076641122,0.077526727,0.061816981,0.045589378,0.036010617,0.029756534,0.02146123,0.014945074
s2_WB,0.008144098,0.004440947,0.003282936,0.003402275,0.005565881,0.01326306,0.037422939,0.06990142,0.074799834,0.060528213,0.052303236,0.05276532,0.055359141,0.057011543,0.059716572,0.064729161,0.078078814,0.085026989,0.068489125,0.044740561,0.034022862,0.029055107,0.022965165,0.014984802
s3_EB,0.008915302,0.004035026,0.002663492,0.002276467,0.003153914,0.00719038,0.02173828,0.044517612,0.051907721,0.040490569,0.037711638,0.042262217,0.048107894,0.050885385,0.059252283,0.079058844,0.117211692,0.119442219,0.092011659,0.055436618,0.040178934,0.032762125,0.023093977,0.015695753
s3_WB,0.003575046,0.002219819,0.002110294,0.004476342,0.008807745,0.024615483,0.069261639,0.127016218,0.122696776,0.075325509,0.050202035,0.04821698,0.047413014,0.046911121,0.046006776,0.049123435,0.054738065,0.065572377,0.052104536,0.032403378,0.024537385,0.020006867,0.013971375,0.008687783
s4_EB,0.008080917,0.00436944,0.003352671,0.003075771,0.003810528,0.009726375,0.03175002,0.056867682,0.056502259,0.046978496,0.045311183,0.049436105,0.055089589,0.05753958,0.064033688,0.07694932,0.094480815,0.099275129,0.070068435,0.048455728,0.039188213,0.034553102,0.024842166,0.01626279
s4_WB,0.005842422,0.003457271,0.00318751,0.003974482,0.006671325,0.019588799,0.060963052,0.099245198,0.091172653,0.066706802,0.054194787,0.053357613,0.055095049,0.055659287,0.056950583,0.060565287,0.064797701,0.06643733,0.054104578,0.03778013,0.028319061,0.023352954,0.017135944,0.011440183
s5_EB,0.005139361,0.002843965,0.001795809,0.00214274,0.003093082,0.011416578,0.043507945,0.090831534,0.092085535,0.068273489,0.054631532,0.055044424,0.057184309,0.057348234,0.05748286,0.060978466,0.068905448,0.077178308,0.063803049,0.041659849,0.031010907,0.02553333,0.017060033,0.011049212
s5_WB,0.00641496,0.003397284,0.002841932,0.002296246,0.003029832,0.008416394,0.028087893,0.06155693,0.065507809,0.049706639,0.045497124,0.052273238,0.057855756,0.06006779,0.06518854,0.077071051,0.089572036,0.092333126,0.069629745,0.04812289,0.039273286,0.034767788,0.023326248,0.013765465
s6_EB,0.009166473,0.005393569,0.004416363,0.004580105,0.006583318,0.014857661,0.032992195,0.050954247,0.048161607,0.045227076,0.046276247,0.048980898,0.052521447,0.056012028,0.063362339,0.081501534,0.097888956,0.097390739,0.074073286,0.050179824,0.037841075,0.031610006,0.023639691,0.016389316
s6_WB,0.005870557,0.003823435,0.003749137,0.005635093,0.010458505,0.031782972,0.090815853,0.108326967,0.08713529,0.063096385,0.05222756,0.049784429,0.050214911,0.050840784,0.051711828,0.053623919,0.057199693,0.062672997,0.051837152,0.035097272,0.026173517,0.0210727,0.016377723,0.010471323
s7_EB,0.009532411,0.005572917,0.003964076,0.004070643,0.006293203,0.014466886,0.038733772,0.068761239,0.065233022,0.052566904,0.047389777,0.048732733,0.051660552,0.054060546,0.059500787,0.073449118,0.085899971,0.087681663,0.069674305,0.047777254,0.035735298,0.030300918,0.022699393,0.01624261
s7_WB,0.006204461,0.004040134,0.003655155,0.005347192,0.00893926,0.02431046,0.070005168,0.097042244,0.07952911,0.059345771,0.049269873,0.049572388,0.051127595,0.052495155,0.056082702,0.061189174,0.072062699,0.076857506,0.054220459,0.036362393,0.027856451,0.023486134,0.01864848,0.012350034